image_width: 800
image_height: 600
camera_name: camera
camera_matrix:
  rows: 3
  cols: 3
  data: [1392.809548, 0, 400, 0, 1392.809548, 300, 0, 0, 1]
distortion_model: plumb_bob
distortion_coefficients:
  rows: 1
  cols: 5
  data: [-0.469611, -0.242940, -0.004467, 0.004521, 0]
rectification_matrix:
  rows: 3
  cols: 3
  data: [1, 0, 0, 0, 1, 0, 0, 0, 1]
projection_matrix:
  rows: 3
  cols: 4
  data: [1330.903320, 0, 401.889670, 0, 0, 1360.159180, 299.045127, 0, 0, 0, 1, 0]